% -------------------------------------------------------------------
%  Generated by MATLAB on 14-Aug-2025 17:42:26
%  MATLAB version: 24.2.0.2806996 (R2024b) Update 3
% -------------------------------------------------------------------
                                                 

initial_soc = 20;

simulation_time = 3600;

